Rows:	10000
methylated(1):	0.188000
unmethylated(0):	0.807900
epi-heterozygous(0.5):	0.004100
error rate of measurement (0->1 or 1->0):	0.002497
